                          MNLogit Regression Results                          
==============================================================================
Dep. Variable:          policy_choice   No. Observations:                  752
Model:                        MNLogit   Df Residuals:                      720
Method:                           MLE   Df Model:                           30
Date:                mer, 13 nov 2024   Pseudo R-squ.:                 0.06726
Time:                        15:13:24   Log-Likelihood:                -747.81
converged:                       True   LL-Null:                       -801.74
Covariance Type:            nonrobust   LLR p-value:                 1.028e-10
=======================================================================================
    policy_choice=B       coef    std err          z      P>|z|      [0.025      0.975]
---------------------------------------------------------------------------------------
Price_UR_A              0.1994      0.101      1.979      0.048       0.002       0.397
Price_UN_A              0.2567      0.099      2.590      0.010       0.062       0.451
Price_O_A               0.1546      0.078      1.975      0.048       0.001       0.308
EV_A                   -0.1695      0.079     -2.152      0.031      -0.324      -0.015
Price_UR_B             -0.2475      0.100     -2.476      0.013      -0.443      -0.052
Price_UN_B             -0.0195      0.095     -0.206      0.837      -0.205       0.166
Price_O_B              -0.0899      0.080     -1.130      0.258      -0.246       0.066
EV_B                   -0.0189      0.075     -0.251      0.802      -0.166       0.129
Revenue_A_2.0           0.1860      0.271      0.687      0.492      -0.345       0.717
Revenue_A_3.0           0.2895      0.275      1.053      0.292      -0.249       0.828
Revenue_A_4.0          -0.1709      0.280     -0.610      0.542      -0.720       0.378
Revenue_A_5.0          -0.9248      0.284     -3.260      0.001      -1.481      -0.369
Revenue_B_2.0           0.0664      0.285      0.233      0.816      -0.493       0.625
Revenue_B_3.0          -0.2486      0.287     -0.866      0.386      -0.811       0.314
Revenue_B_4.0           0.4139      0.292      1.416      0.157      -0.159       0.987
Revenue_B_5.0           0.6016      0.301      1.998      0.046       0.011       1.192
---------------------------------------------------------------------------------------
policy_choice=Other       coef    std err          z      P>|z|      [0.025      0.975]
---------------------------------------------------------------------------------------
Price_UR_A              0.2356      0.116      2.025      0.043       0.008       0.464
Price_UN_A              0.0743      0.114      0.651      0.515      -0.149       0.298
Price_O_A               0.1145      0.089      1.293      0.196      -0.059       0.288
EV_A                   -0.1202      0.089     -1.350      0.177      -0.295       0.054
Price_UR_B             -0.0420      0.115     -0.365      0.715      -0.268       0.184
Price_UN_B             -0.0550      0.109     -0.504      0.614      -0.269       0.159
Price_O_B              -0.0889      0.089     -1.000      0.317      -0.263       0.085
EV_B                   -0.1174      0.086     -1.372      0.170      -0.285       0.050
Revenue_A_2.0           0.1470      0.324      0.454      0.650      -0.488       0.782
Revenue_A_3.0           0.3797      0.309      1.229      0.219      -0.226       0.986
Revenue_A_4.0          -0.2924      0.327     -0.895      0.371      -0.932       0.348
Revenue_A_5.0          -0.7462      0.321     -2.327      0.020      -1.375      -0.118
Revenue_B_2.0          -0.1973      0.295     -0.668      0.504      -0.776       0.382
Revenue_B_3.0          -0.7586      0.313     -2.426      0.015      -1.372      -0.146
Revenue_B_4.0          -0.5227      0.325     -1.609      0.108      -1.159       0.114
Revenue_B_5.0          -0.4951      0.342     -1.450      0.147      -1.164       0.174
=======================================================================================