                          MNLogit Regression Results                          
==============================================================================
Dep. Variable:          policy_choice   No. Observations:                  752
Model:                        MNLogit   Df Residuals:                      720
Method:                           MLE   Df Model:                           30
Date:                mer, 13 nov 2024   Pseudo R-squ.:                 0.05093
Time:                        15:16:38   Log-Likelihood:                -765.40
converged:                       True   LL-Null:                       -806.47
Covariance Type:            nonrobust   LLR p-value:                 9.673e-07
=======================================================================================
    policy_choice=B       coef    std err          z      P>|z|      [0.025      0.975]
---------------------------------------------------------------------------------------
Price_UR_A              0.2374      0.101      2.353      0.019       0.040       0.435
Price_UN_A              0.0655      0.096      0.682      0.495      -0.123       0.254
Price_O_A               0.0504      0.080      0.631      0.528      -0.106       0.207
EV_A                   -0.1824      0.078     -2.331      0.020      -0.336      -0.029
Price_UR_B             -0.0660      0.101     -0.653      0.514      -0.264       0.132
Price_UN_B             -0.1602      0.095     -1.694      0.090      -0.346       0.025
Price_O_B               0.0392      0.079      0.495      0.621      -0.116       0.194
EV_B                    0.0825      0.079      1.038      0.299      -0.073       0.238
Revenue_A_2.0           0.1256      0.265      0.474      0.636      -0.394       0.646
Revenue_A_3.0           0.0171      0.276      0.062      0.951      -0.525       0.559
Revenue_A_4.0          -0.0423      0.280     -0.151      0.880      -0.591       0.506
Revenue_A_5.0          -1.0131      0.284     -3.564      0.000      -1.570      -0.456
Revenue_B_2.0          -0.0301      0.269     -0.112      0.911      -0.558       0.498
Revenue_B_3.0           0.0621      0.275      0.225      0.822      -0.478       0.602
Revenue_B_4.0          -0.3489      0.278     -1.257      0.209      -0.893       0.195
Revenue_B_5.0           0.5999      0.280      2.139      0.032       0.050       1.149
---------------------------------------------------------------------------------------
policy_choice=Other       coef    std err          z      P>|z|      [0.025      0.975]
---------------------------------------------------------------------------------------
Price_UR_A              0.1550      0.115      1.349      0.177      -0.070       0.380
Price_UN_A             -0.0120      0.110     -0.109      0.913      -0.228       0.204
Price_O_A              -0.0203      0.092     -0.222      0.825      -0.200       0.159
EV_A                   -0.2530      0.090     -2.799      0.005      -0.430      -0.076
Price_UR_B              0.0905      0.116      0.783      0.434      -0.136       0.317
Price_UN_B             -0.0837      0.105     -0.798      0.425      -0.289       0.122
Price_O_B               0.0463      0.090      0.513      0.608      -0.131       0.223
EV_B                   -0.1343      0.092     -1.459      0.145      -0.315       0.046
Revenue_A_2.0           0.2127      0.308      0.691      0.490      -0.391       0.816
Revenue_A_3.0          -0.0058      0.312     -0.019      0.985      -0.618       0.607
Revenue_A_4.0           0.1374      0.334      0.412      0.681      -0.517       0.791
Revenue_A_5.0          -0.6012      0.318     -1.889      0.059      -1.225       0.023
Revenue_B_2.0           0.1843      0.293      0.629      0.529      -0.390       0.759
Revenue_B_3.0          -0.4438      0.338     -1.311      0.190      -1.107       0.220
Revenue_B_4.0           0.1138      0.302      0.377      0.706      -0.478       0.706
Revenue_B_5.0           0.2697      0.324      0.832      0.405      -0.365       0.905
=======================================================================================