                          MNLogit Regression Results                          
==============================================================================
Dep. Variable:          policy_choice   No. Observations:                  768
Model:                        MNLogit   Df Residuals:                      736
Method:                           MLE   Df Model:                           30
Date:                mer, 13 nov 2024   Pseudo R-squ.:                 0.05942
Time:                        15:16:50   Log-Likelihood:                -762.03
converged:                       True   LL-Null:                       -810.18
Covariance Type:            nonrobust   LLR p-value:                 7.105e-09
=======================================================================================
    policy_choice=B       coef    std err          z      P>|z|      [0.025      0.975]
---------------------------------------------------------------------------------------
Price_UR_A              0.1505      0.097      1.544      0.123      -0.041       0.342
Price_UN_A              0.0524      0.094      0.556      0.578      -0.132       0.237
Price_O_A              -0.0390      0.077     -0.508      0.612      -0.190       0.112
EV_A                   -0.1272      0.076     -1.670      0.095      -0.277       0.022
Price_UR_B             -0.1034      0.099     -1.047      0.295      -0.297       0.090
Price_UN_B             -0.0810      0.096     -0.844      0.399      -0.269       0.107
Price_O_B              -0.0712      0.078     -0.909      0.363      -0.225       0.082
EV_B                    0.3203      0.077      4.151      0.000       0.169       0.472
Revenue_A_2.0          -0.4489      0.267     -1.683      0.092      -0.972       0.074
Revenue_A_3.0          -0.3236      0.286     -1.130      0.259      -0.885       0.238
Revenue_A_4.0          -0.6460      0.274     -2.358      0.018      -1.183      -0.109
Revenue_A_5.0          -0.8880      0.288     -3.083      0.002      -1.452      -0.324
Revenue_B_2.0           0.1477      0.262      0.565      0.572      -0.365       0.660
Revenue_B_3.0           0.4681      0.268      1.747      0.081      -0.057       0.993
Revenue_B_4.0           0.2846      0.288      0.989      0.323      -0.279       0.848
Revenue_B_5.0           1.1278      0.272      4.142      0.000       0.594       1.662
---------------------------------------------------------------------------------------
policy_choice=Other       coef    std err          z      P>|z|      [0.025      0.975]
---------------------------------------------------------------------------------------
Price_UR_A              0.1813      0.116      1.563      0.118      -0.046       0.409
Price_UN_A              0.0166      0.110      0.151      0.880      -0.198       0.232
Price_O_A               0.0646      0.090      0.721      0.471      -0.111       0.240
EV_A                   -0.1638      0.090     -1.826      0.068      -0.340       0.012
Price_UR_B              0.0633      0.118      0.538      0.590      -0.167       0.294
Price_UN_B             -0.0190      0.111     -0.170      0.865      -0.237       0.200
Price_O_B              -0.1063      0.093     -1.146      0.252      -0.288       0.076
EV_B                   -0.0024      0.091     -0.026      0.979      -0.180       0.176
Revenue_A_2.0          -0.7070      0.332     -2.130      0.033      -1.358      -0.056
Revenue_A_3.0          -0.2717      0.329     -0.826      0.409      -0.916       0.373
Revenue_A_4.0          -0.4891      0.321     -1.524      0.128      -1.118       0.140
Revenue_A_5.0          -0.8409      0.337     -2.499      0.012      -1.500      -0.181
Revenue_B_2.0          -0.2303      0.283     -0.814      0.416      -0.785       0.324
Revenue_B_3.0          -0.4419      0.319     -1.384      0.166      -1.068       0.184
Revenue_B_4.0          -0.2778      0.325     -0.855      0.393      -0.915       0.359
Revenue_B_5.0          -0.0778      0.326     -0.239      0.811      -0.716       0.560
=======================================================================================