                          MNLogit Regression Results                          
==============================================================================
Dep. Variable:          policy_choice   No. Observations:                  740
Model:                        MNLogit   Df Residuals:                      708
Method:                           MLE   Df Model:                           30
Date:                Wed, 13 Nov 2024   Pseudo R-squ.:                 0.07562
Time:                        12:42:15   Log-Likelihood:                -734.50
converged:                       True   LL-Null:                       -794.58
Covariance Type:            nonrobust   LLR p-value:                 9.559e-13
=======================================================================================
    policy_choice=B       coef    std err          z      P>|z|      [0.025      0.975]
---------------------------------------------------------------------------------------
Price_UR_A              0.2287      0.101      2.256      0.024       0.030       0.427
Price_UN_A              0.1375      0.099      1.389      0.165      -0.057       0.332
Price_O_A               0.0945      0.082      1.156      0.248      -0.066       0.255
EV_A                   -0.2106      0.078     -2.704      0.007      -0.363      -0.058
Price_UR_B              0.0489      0.104      0.470      0.638      -0.155       0.253
Price_UN_B             -0.4229      0.105     -4.036      0.000      -0.628      -0.218
Price_O_B              -0.1381      0.080     -1.718      0.086      -0.296       0.019
EV_B                    0.1125      0.079      1.418      0.156      -0.043       0.268
Revenue_A_2.0           0.1912      0.276      0.692      0.489      -0.350       0.733
Revenue_A_3.0          -0.2844      0.276     -1.031      0.303      -0.825       0.256
Revenue_A_4.0          -0.0473      0.295     -0.160      0.873      -0.626       0.532
Revenue_A_5.0          -0.7924      0.295     -2.690      0.007      -1.370      -0.215
Revenue_B_2.0           0.1045      0.284      0.368      0.713      -0.452       0.661
Revenue_B_3.0           0.5186      0.286      1.814      0.070      -0.042       1.079
Revenue_B_4.0           0.3234      0.287      1.125      0.261      -0.240       0.887
Revenue_B_5.0           1.2383      0.301      4.114      0.000       0.648       1.828
---------------------------------------------------------------------------------------
policy_choice=Other       coef    std err          z      P>|z|      [0.025      0.975]
---------------------------------------------------------------------------------------
Price_UR_A              0.0120      0.110      0.110      0.913      -0.203       0.227
Price_UN_A              0.1704      0.109      1.565      0.118      -0.043       0.384
Price_O_A               0.0598      0.090      0.662      0.508      -0.117       0.237
EV_A                   -0.3416      0.086     -3.966      0.000      -0.510      -0.173
Price_UR_B              0.0811      0.117      0.696      0.486      -0.147       0.310
Price_UN_B             -0.0685      0.110     -0.622      0.534      -0.284       0.147
Price_O_B              -0.0536      0.087     -0.614      0.539      -0.225       0.117
EV_B                   -0.0433      0.088     -0.492      0.622      -0.216       0.129
Revenue_A_2.0           0.2612      0.322      0.811      0.417      -0.370       0.892
Revenue_A_3.0           0.0913      0.316      0.289      0.772      -0.528       0.710
Revenue_A_4.0           0.4736      0.334      1.419      0.156      -0.180       1.127
Revenue_A_5.0          -0.3775      0.333     -1.135      0.257      -1.030       0.275
Revenue_B_2.0          -0.3001      0.297     -1.010      0.313      -0.882       0.282
Revenue_B_3.0           0.0012      0.303      0.004      0.997      -0.593       0.596
Revenue_B_4.0          -0.1592      0.310     -0.513      0.608      -0.767       0.449
Revenue_B_5.0           0.4553      0.327      1.394      0.163      -0.185       1.095
=======================================================================================