                          MNLogit Regression Results                          
==============================================================================
Dep. Variable:          policy_choice   No. Observations:                  832
Model:                        MNLogit   Df Residuals:                      800
Method:                           MLE   Df Model:                           30
Date:                mer, 13 nov 2024   Pseudo R-squ.:                 0.04708
Time:                        15:15:49   Log-Likelihood:                -867.54
converged:                       True   LL-Null:                       -910.40
Covariance Type:            nonrobust   LLR p-value:                 2.885e-07
=======================================================================================
    policy_choice=B       coef    std err          z      P>|z|      [0.025      0.975]
---------------------------------------------------------------------------------------
Price_UR_A              0.2128      0.097      2.185      0.029       0.022       0.404
Price_UN_A              0.1310      0.093      1.405      0.160      -0.052       0.314
Price_O_A               0.0026      0.078      0.033      0.973      -0.150       0.155
EV_A                   -0.0401      0.076     -0.529      0.597      -0.189       0.109
Price_UR_B             -0.2125      0.096     -2.203      0.028      -0.402      -0.023
Price_UN_B              0.0027      0.095      0.029      0.977      -0.184       0.189
Price_O_B              -0.0750      0.076     -0.981      0.327      -0.225       0.075
EV_B                    0.1684      0.075      2.244      0.025       0.021       0.315
Revenue_A_2.0          -0.0263      0.278     -0.095      0.924      -0.571       0.518
Revenue_A_3.0           0.2043      0.263      0.777      0.437      -0.311       0.719
Revenue_A_4.0          -0.0436      0.275     -0.158      0.874      -0.584       0.496
Revenue_A_5.0          -0.9082      0.283     -3.212      0.001      -1.462      -0.354
Revenue_B_2.0          -0.5047      0.276     -1.829      0.067      -1.046       0.036
Revenue_B_3.0          -0.2755      0.273     -1.010      0.313      -0.810       0.259
Revenue_B_4.0          -0.5272      0.293     -1.799      0.072      -1.102       0.047
Revenue_B_5.0           0.3119      0.296      1.055      0.291      -0.268       0.891
---------------------------------------------------------------------------------------
policy_choice=Other       coef    std err          z      P>|z|      [0.025      0.975]
---------------------------------------------------------------------------------------
Price_UR_A              0.2059      0.101      2.038      0.042       0.008       0.404
Price_UN_A              0.0056      0.098      0.057      0.955      -0.186       0.198
Price_O_A              -0.0377      0.081     -0.467      0.640      -0.196       0.120
EV_A                   -0.0457      0.079     -0.582      0.560      -0.200       0.108
Price_UR_B             -0.0426      0.100     -0.425      0.671      -0.239       0.154
Price_UN_B              0.0159      0.097      0.164      0.869      -0.174       0.206
Price_O_B              -0.0282      0.078     -0.361      0.718      -0.182       0.125
EV_B                   -0.0054      0.078     -0.069      0.945      -0.158       0.148
Revenue_A_2.0           0.3080      0.284      1.085      0.278      -0.249       0.865
Revenue_A_3.0          -0.2427      0.283     -0.858      0.391      -0.797       0.312
Revenue_A_4.0          -0.0634      0.291     -0.218      0.827      -0.633       0.507
Revenue_A_5.0          -0.5769      0.277     -2.080      0.038      -1.121      -0.033
Revenue_B_2.0          -0.0392      0.272     -0.144      0.886      -0.573       0.495
Revenue_B_3.0          -0.5537      0.287     -1.928      0.054      -1.116       0.009
Revenue_B_4.0          -0.3223      0.298     -1.080      0.280      -0.907       0.263
Revenue_B_5.0          -0.0248      0.314     -0.079      0.937      -0.639       0.590
=======================================================================================