                          MNLogit Regression Results                          
==============================================================================
Dep. Variable:          policy_choice   No. Observations:                 3844
Model:                        MNLogit   Df Residuals:                     3812
Method:                           MLE   Df Model:                           30
Date:                mer, 13 nov 2024   Pseudo R-squ.:                 0.04571
Time:                        13:32:46   Log-Likelihood:                -3944.9
converged:                       True   LL-Null:                       -4133.9
Covariance Type:            nonrobust   LLR p-value:                 8.014e-62
=======================================================================================
    policy_choice=B       coef    std err          z      P>|z|      [0.025      0.975]
---------------------------------------------------------------------------------------
Price_UR_A              0.2110      0.044      4.830      0.000       0.125       0.297
Price_UN_A              0.1197      0.042      2.831      0.005       0.037       0.203
Price_O_A               0.0451      0.035      1.304      0.192      -0.023       0.113
EV_A                   -0.1403      0.034     -4.130      0.000      -0.207      -0.074
Price_UR_B             -0.1166      0.044     -2.666      0.008      -0.202      -0.031
Price_UN_B             -0.1253      0.043     -2.944      0.003      -0.209      -0.042
Price_O_B              -0.0724      0.035     -2.093      0.036      -0.140      -0.005
EV_B                    0.1331      0.034      3.933      0.000       0.067       0.199
Revenue_A_2.0          -0.0158      0.119     -0.133      0.894      -0.248       0.217
Revenue_A_3.0          -0.0232      0.121     -0.191      0.849      -0.261       0.214
Revenue_A_4.0          -0.2136      0.123     -1.731      0.084      -0.456       0.028
Revenue_A_5.0          -0.9186      0.126     -7.289      0.000      -1.166      -0.672
Revenue_B_2.0          -0.0461      0.121     -0.381      0.703      -0.283       0.191
Revenue_B_3.0           0.1108      0.122      0.911      0.362      -0.128       0.349
Revenue_B_4.0           0.0342      0.126      0.272      0.786      -0.213       0.281
Revenue_B_5.0           0.7823      0.127      6.153      0.000       0.533       1.032
---------------------------------------------------------------------------------------
policy_choice=Other       coef    std err          z      P>|z|      [0.025      0.975]
---------------------------------------------------------------------------------------
Price_UR_A              0.1582      0.049      3.237      0.001       0.062       0.254
Price_UN_A              0.0446      0.047      0.940      0.347      -0.048       0.138
Price_O_A               0.0293      0.039      0.761      0.447      -0.046       0.105
EV_A                   -0.1787      0.038     -4.711      0.000      -0.253      -0.104
Price_UR_B              0.0195      0.049      0.395      0.693      -0.077       0.116
Price_UN_B             -0.0367      0.047     -0.788      0.431      -0.128       0.055
Price_O_B              -0.0447      0.038     -1.168      0.243      -0.120       0.030
EV_B                   -0.0538      0.038     -1.418      0.156      -0.128       0.021
Revenue_A_2.0           0.0451      0.136      0.331      0.741      -0.222       0.313
Revenue_A_3.0          -0.0228      0.136     -0.167      0.867      -0.289       0.244
Revenue_A_4.0          -0.0653      0.141     -0.464      0.643      -0.341       0.211
Revenue_A_5.0          -0.6355      0.139     -4.584      0.000      -0.907      -0.364
Revenue_B_2.0          -0.0617      0.126     -0.490      0.624      -0.308       0.185
Revenue_B_3.0          -0.3989      0.136     -2.937      0.003      -0.665      -0.133
Revenue_B_4.0          -0.1935      0.136     -1.421      0.155      -0.460       0.073
Revenue_B_5.0           0.0472      0.143      0.331      0.741      -0.232       0.326
=======================================================================================